0 0.54453125 0.5625 0.5109375 0.6041666666666666
0 0.125 0.503125 0.196875 0.20625
0 0.2375 0.5875 0.178125 0.24166666666666667
0 0.65625 0.45208333333333334 0.41875 0.5791666666666667
0 0.4015625 0.496875 0.703125 0.46875
0 0.28515625 0.36770833333333336 0.0796875 0.6145833333333334
0 0.58515625 0.6291666666666667 0.4734375 0.08333333333333333
0 0.70234375 0.453125 0.3859375 0.34375
0 0.4734375 0.39895833333333336 0.90625 0.26458333333333334
0 0.35078125 0.3416666666666667 0.1015625 0.32083333333333336
0 0.18515625 0.7802083333333333 0.3296875 0.16041666666666668